function [x, y, n] = coordinate()
% % 
% % Ph?m vi c?a t?a ?? x (ví d? t? -10 ??n 10)
% xmin = 0;
% xmax = 30;
% 
% ymin = 0;
% ymax = 30;
% 
% % T?o m?ng ch?a các t?a ?? x ng?u nhiên
% x = randi([xmin, xmax], 1, n);
% y = randi([ymin, ymax], 1, n);


% 16 node
% n = 16;
% x = [2,3,4,11,12,12,17,22,18,28,31,22,37,41,46,51];
% y = [20,23,18,21,27,18,17,28,25,23,30,17,26,34,26,30]; 

% n = 16;
% x = [2,3,4,11,12,12,17,18,18,24,27,22,25,22,25,30];
% y = [20,23,18,21,27,18,17,28,23,23,27,17,26,22,18,22]; 

% n = 16;
% x = [2,3,4,11,12,12,17,18,18,24,27,22,25,22,25,30];
% y = [20,23,18,21,27,18,17,28,23,23,27,17,26,22,18,22]; 



% 30 node - lan1 
n = 30; 
x = [25,22,27,10,20,30,14,18,12,9,8,23,30,5,24,6,30,24,13,22,15,25,11,0,18,28,6,13,23,21];
y = [0,29,23,17,5,15,16,20,26,29,21,12,28,14,7,12,21,17,23,30,29,16,29,3,1,9,17,16,27,16];

% 30 node - lan2 
% n = 30; 
% x = [16,9,23,5,21,5,11,19,24,2,28,24,15,13,13,9,15,15,25,24,19,11,25,16,10,29,27,17,19,18];
% y = [6,9,14,7,26,6,7,5,7,13,9,28,13,5,28,30,13,3,8,12,18,8,18,22,6,3,9,9,13,15];

% 30 node - lan3 
% n = 30; 
% x = [11;29;4;22;20;25;12;23;26;10;17;30;17;10;19;11;23;13;15;21;30;10;26;23;29;1;11;20;9;7];
% y = [16;14;13;15;2;8;10;6;16;19;7;17;4;19;4;13;9;18;12;11;20;8;10;22;1;22;5;15;13;15];

% 30 node - lan4 
% n = 30; 
% x = [11;19;25;1;3;30;20;7;13;4;9;8;10;5;11;4;27;3;28;12;2;11;23;24;17;21;27;2;10;2];
% y = [5;16;16;20;13;2;21;18;7;12;22;16;19;10;11;13;6;17;12;15;7;4;11;8;18;18;15;3;1;13];

% 30 node - lan5
% n = 30; 
% x = [10;18;28;6;13;23;2;29;23;17;6;15;16;30;26;29;21;13;29;15;7;12;22;17;23;30;29;17;29;4];
% y = [5;7;13;12;20;12;10;12;16;1;18;4;11;6;9;15;4;7;5;5;8;20;11;9;4;22;9;19;14;9];


% 30 node - lan6 
% n = 30; 
% x = [8;10;13;13;12;19;6;6;3;10;24;8;23;21;25;25;9;10;16;10;25;25;17;8;21;8;14;12;17;30];
% y = [17;22;6;12;2;17;14;19;22;21;10;1;12;5;5;8;3;17;17;12;8;19;13;22;20;8;13;8;14;18];

% 30 node - lan7 
% n = 30; 
% x = [11;15;8;28;15;8;13;22;13;6;26;18;12;7;7;16;14;23;3;26;21;5;26;6;19;17;5;1;24;23];
% y = [10;2;13;4;17;12;6;21;17;20;2;5;17;16;18;12;10;14;19;15;12;7;16;9;13;20;19;20;21;18];

% 
% 30 node - lan8 
% n = 30; 
% x = [29;11;20;11;7;24;22;9;18;13;3;1;15;9;11;9;6;12;21;7;20;14;13;6;6;19;9;17;29;22];
% y = [15;22;18;14;21;2;6;22;17;11;15;10;9;5;9;1;11;8;22;13;19;9;11;19;22;12;21;17;13;22];


% 30 node - lan9 
% n = 30; 
% x = [6;1;13;15;5;21;1;4;29;30;1;15;26;8;26;25;19;1;12;28;21;12;19;8;18;30;26;9;21;11];
% y = [22;2;6;18;2;12;18;17;4;10;8;11;13;4;20;15;4;13;21;18;16;11;6;13;6;8;21;20;18;21];

% 30 node - lan10 
% n = 30; 
% x = [30;7;12;21;2;23;13;25;12;10;30;22;13;3;23;20;3;4;30;15;1;2;5;27;14;17;15;3;27;9];
% y = [6;14;11;9;15;21;14;7;5;10;1;20;14;5;12;2;19;10;13;13;15;9;2;11;2;17;1;21;17;21];



% 40 node- LAN1
% n = 40 ; 
% x = [3,4,5,6,9,9,6,7,27,21,17,5,6,2,28,21,17,9,5,19,30,5,7,12,2,21,12,30,12,19,4,11,4,23,27,10,21,9,16,25];
% y = [18,10,9,14,13,11,17,23,13,13,3,0,8,9,20,29,29,14,7,23,23,22,23,3,21,14,6,3,25,5,5,20,27,16,21,4,29,16,21,1];

% 40 node- LAN2
% n = 40 ; 
% x = [25,23,3,16,10,16,12,12,5,7,0,28,20,28,5,28,24,17,13,7,23,7,1,23,20,22,19,12,12,25,9,25,24,26,15,19,29,13,1,26];
% y = [19,11,30,6,20,18,12,4,0,13,5,22,11,26,22,17,5,29,8,28,6,11,2,19,5,1,22,10,20,11,19,0,28,24,23,25,11,19,17,16];

% 40 node- LAN3
% n = 40 ; 
% x = [16;8;8;23;30;11;23;4;18;13;22;8;3;14;20;4;14;20;25;10;13;27;22;8;23;9;9;1;12;14;10;9;8;29;26;12;15;17;15;9];
% y = [22;5;19;1;8;17;15;4;21;12;6;13;21;20;11;10;7;2;17;3;8;9;20;1;19;7;6;11;17;5;5;22;14;7;22;20;5;1;16;20];

% 40 node- LAN4
% n = 40; 
% x = [4;2;18;19;16;1;21;29;27;4;11;8;17;19;10;24;24;24;11;2;22;30;5;4;28;15;26;25;6;8;2;19;24;16;1;30;16;10;6;19];
% y = [13;17;4;8;4;19;8;7;1;18;11;12;20;16;15;4;13;22;14;18;22;20;5;1;10;1;11;21;6;9;10;19;19;10;9;21;17;17;21;12];

% 40 node- LAN7
% n = 40; 
% x = [23;10;15;7;29;15;17;7;3;2;25;24;6;27;21;20;30;2;13;15;18;3;20;2;17;22;15;19;7;20;12;4;12;8;8;19;16;13;7;26];
% y = [19;7;14;18;22;21;9;4;18;3;4;8;19;13;13;21;13;1;18;14;11;6;6;11;6;2;4;6;5;14;19;18;18;16;19;18;5;22;3;15];

% 40 node- LAN8
% n = 40; 
% x = [7;8;11;6;16;29;12;18;19;22;13;26;28;23;9;24;5;16;19;22;12;22;27;2;5;26;13;13;29;23;30;8;3;12;16;18;30;15;13;30];
% y = [6;15;22;15;7;12;1;20;9;7;21;11;7;2;13;4;2;13;7;8;16;19;8;22;21;5;17;14;21;14;16;17;9;6;1;11;15;7;12;6];

% 40 node- LAN9
% n = 40; 
% x = [14;18;17;25;4;10;1;29;23;23;5;11;5;15;25;19;21;20;22;26;19;6;18;5;28;3;11;18;15;25;16;7;22;5;20;20;7;6;5;5];
% y = [5;22;1;22;1;22;7;12;19;20;5;15;21;22;3;4;17;2;2;11;19;22;1;12;19;21;19;20;17;3;12;4;19;21;4;20;9;9;6;20];

% 40 node- LAN10
% n = 40; 
% x = [23;14;22;29;6;8;20;25;26;12;4;3;11;25;7;24;20;1;24;28;15;26;4;23;28;25;8;7;16;12;15;30;19;29;15;14;24;23;14;2];
% y = [2;18;15;1;13;16;3;5;18;4;20;21;1;9;4;12;3;1;21;22;8;15;2;5;1;11;4;22;10;22;16;13;12;16;1;18;21;1;19;17];
% 



% 
% %50 node - lan1
% n = 50;
% x = [8,7,14,7,24,30,0,16,2,24,30,2,29,0,21,24,16,27,27,19,4,6,5,1,3,19,29,10,12,30,29,20,30,23,10,20,7,9,21,16,12,18,23,18,17,18,15,2,22,30];
% y = [10,30,10,27,14,12,6,3,9,22,24,21,0,26,28,23,1,11,21,22,6,8,20,14,19,7,5,25,23,28,3,5,3,15,5,27,3,1,17,23,9,5,10,6,15,28,19,3,12,1];
% 
% %50 node - lan2
% n = 50;
% x = [21,19,17,6,23,7,11,27,26,12,9,18,28,28,18,10,26,13,28,1,16,22,5,10,5,9,12,17,1,17,8,7,7,4,29,29,25,22,5,11,5,0,9,21,19,16,13,8,15,23];
% y = [23,17,23,20,3,15,10,2,4,6,20,13,21,7,0,16,8,29,28,12,0,20,25,30,1,13,18,21,22,20,22,11,18,3,1,30,8,18,29,5,5,10,28,12,8,4,12,11,4,13];
% 
% 50 node - lan3
% % n = 50;
% % x = [21,19,17,6,23,7,11,27,26,12,9,18,28,28,18,10,26,13,28,1,16,22,5,10,5,9,12,17,1,17,8,7,7,4,29,29,25,22,5,11,5,0,9,21,19,16,13,8,15,23];
% % y = [23,17,23,20,3,15,10,2,4,6,20,13,21,7,0,16,8,29,28,12,0,20,25,30,1,13,18,21,22,20,22,11,18,3,1,30,8,18,29,5,5,10,28,12,8,4,12,11,4,13];
% 
% 50 node - lan4
% % n = 50;
% % x = [21,19,17,6,23,7,11,27,26,12,9,18,28,28,18,10,26,13,28,1,16,22,5,10,5,9,12,17,1,17,8,7,7,4,29,29,25,22,5,11,5,0,9,21,19,16,13,8,15,23];
% % y = [23,17,23,20,3,15,10,2,4,6,20,13,21,7,0,16,8,29,28,12,0,20,25,30,1,13,18,21,22,20,22,11,18,3,1,30,8,18,29,5,5,10,28,12,8,4,12,11,4,13];
% 



end